MY_ACCOUNT_ID = 0.0.3542860
MY_PRIVATE_KEY = f7662473f9db835c4e0ef18e7adde3dbe2114fc3d58f6cd15a9f3a9f213286f7
MY_PUBLIC_KEY = 93c93a0327f61c113b1a7f9506cca05de7bec42561effcc1a21ebf819f51a198

TOPIC_ID = 0.0.3565568
TOKEN_ID = 0.0.3564599
SCHEDULE_ID = 0.0.3566878
CONTRACT_ID = 0.0.3566990
MULTI_SIG_ACC_ID = 0.0.3555731

ACCOUNT1_ID = 0.0.3563220
ACCOUNT1_PRIVATE_KEY = faff5df34cbf192ab3fcb1ff804dc19ad106f40998f91df72bbaae3391205ffe
ACCOUNT1_PUBLIC_KEY = 9eec3ef5f4a4f701b0e5b51f61b4e877c26a70e6372e85d7dbc9ecd12664338a

ACCOUNT2_ID = 0.0.3563219
ACCOUNT2_PRIVATE_KEY = 62f806644bd616bc431113e2831c6709a59bf5c62ced5e5c65d4f470f2bb6e74
ACCOUNT2_PUBLIC_KEY = a3117083cfc71c2b353c3aa244c0f7b73a8c82d5771dd217ab0442e816051f9a

ACCOUNT3_ID = 0.0.3563222
ACCOUNT3_PRIVATE_KEY = be3822e5ef8de5f041c83980a67ef5d052a3d386b637b95cb80f675912726f48
ACCOUNT3_PUBLIC_KEY = 60e12a995edf385830deebcbf855556e384a54893947c45bd305b3fef3a46d65

ACCOUNT4_ID = 0.0.3563221
ACCOUNT4_PRIVATE_KEY = 3d2e7ab06fd90b69062bb4154e986d11016a3e9a51f7f9ebfba313dcfdcc5999
ACCOUNT4_PUBLIC_KEY = f1ce323346590c687adafe324fa581a4339e60409a6dce3305be386dcdd7a4aa

ACCOUNT5_ID = 0.0.3563218
ACCOUNT5_PRIVATE_KEY = 5eb5f3f5ba42e87bb1ecb130c751a062f9bc56ebfa855bc800247be0d957ffff
ACCOUNT5_PUBLIC_KEY = a9e53c5fa193af1200411e7066ff62fa36fa5bee183d7e922f0261ee45411002
